Country,Region,Residence,Ethnicity,SocDem,Version,Ref-ID,Year1,Year2,TypeLT,Sex,Age,AgeInt,m(x),q(x),l(x),d(x),L(x),T(x),e(x),e(x)Orig
ARG,0,0,0,0,1,4000.07,2010,2010,4,1,0,1,0.0164,0.01616,100000,1616,98543,7172905,71.73,71.74
ARG,0,0,0,0,1,4000.07,2010,2010,4,1,1,4,0.00064,0.00257,98384,253,392930,7074362,71.91,71.91
ARG,0,0,0,0,1,4000.07,2010,2010,4,1,5,5,3e-04,0.0015,98131,147,490288,6681432,68.09,68.09
ARG,0,0,0,0,1,4000.07,2010,2010,4,1,10,5,0.00032,0.00162,97984,159,489522,6191144,63.19,63.19
ARG,0,0,0,0,1,4000.07,2010,2010,4,1,15,5,7e-04,0.0035,97825,342,488270,5701622,58.28,58.29
ARG,0,0,0,0,1,4000.07,2010,2010,4,1,20,5,0.00128,0.0064,97483,624,485855,5213352,53.48,53.49
ARG,0,0,0,0,1,4000.07,2010,2010,4,1,25,5,0.00159,0.00791,96859,766,482380,4727497,48.81,48.81
ARG,0,0,0,0,1,4000.07,2010,2010,4,1,30,5,0.00177,0.00884,96093,849,478342,4245117,44.18,44.18
ARG,0,0,0,0,1,4000.07,2010,2010,4,1,35,5,0.00224,0.01116,95244,1063,473562,3766774,39.55,39.55
ARG,0,0,0,0,1,4000.07,2010,2010,4,1,40,5,0.00323,0.01601,94181,1508,467135,3293212,34.97,34.97
ARG,0,0,0,0,1,4000.07,2010,2010,4,1,45,5,0.00494,0.02438,92673,2259,457718,2826077,30.5,30.5
ARG,0,0,0,0,1,4000.07,2010,2010,4,1,50,5,0.00768,0.03769,90414,3408,443550,2368359,26.19,26.2
ARG,0,0,0,0,1,4000.07,2010,2010,4,1,55,5,0.012,0.05827,87006,5070,422355,1924809,22.12,22.13
ARG,0,0,0,0,1,4000.07,2010,2010,4,1,60,5,0.01876,0.08958,81936,7340,391330,1502454,18.34,18.34
ARG,0,0,0,0,1,4000.07,2010,2010,4,1,65,5,0.02926,0.13631,74596,10168,347560,1111124,14.9,14.9
ARG,0,0,0,0,1,4000.07,2010,2010,4,1,70,5,0.04541,0.20392,64428,13138,289295,763564,11.85,11.86
ARG,0,0,0,0,1,4000.07,2010,2010,4,1,75,5,0.06993,0.2976,51290,15264,218290,474269,9.25,9.26
ARG,0,0,0,0,1,4000.07,2010,2010,4,1,80,5,0.10604,0.41909,36026,15098,142385,255979,7.11,7.12
ARG,0,0,0,0,1,4000.07,2010,2010,4,1,85,5,0.15645,0.56231,20928,11768,75220,113594,5.43,5.45
ARG,0,0,0,0,1,4000.07,2010,2010,4,1,90,5,0.22018,0.71004,9160,6504,29540,38374,4.19,4.25
ARG,0,0,0,0,1,4000.07,2010,2010,4,1,95,5,0.26608,0.79895,2656,2122,7975,8834,3.33,3.53
ARG,0,0,0,0,1,4000.07,2010,2010,4,1,100,99,0.62148,1,534,534,859,859,1.61,2.6
ARG,0,0,0,0,1,4000.07,2010,2010,4,2,0,1,0.01219,0.01206,100000,1206,98898,7938014,79.38,79.42
ARG,0,0,0,0,1,4000.07,2010,2010,4,2,1,4,0.00056,0.00223,98794,220,394627,7839116,79.35,79.38
ARG,0,0,0,0,1,4000.07,2010,2010,4,2,5,5,0.00022,0.00109,98574,107,492602,7444489,75.52,75.55
ARG,0,0,0,0,1,4000.07,2010,2010,4,2,10,5,0.00022,0.00112,98467,110,492060,6951886,70.6,70.63
ARG,0,0,0,0,1,4000.07,2010,2010,4,2,15,5,0.00031,0.00154,98357,151,491408,6459826,65.68,65.71
ARG,0,0,0,0,1,4000.07,2010,2010,4,2,20,5,0.00044,0.0022,98206,216,490490,5968419,60.77,60.8
ARG,0,0,0,0,1,4000.07,2010,2010,4,2,25,5,0.00062,0.00308,97990,302,489195,5477929,55.9,55.93
ARG,0,0,0,0,1,4000.07,2010,2010,4,2,30,5,0.00085,0.00424,97688,414,487405,4988734,51.07,51.1
ARG,0,0,0,0,1,4000.07,2010,2010,4,2,35,5,0.00117,0.00584,97274,568,484950,4501329,46.27,46.31
ARG,0,0,0,0,1,4000.07,2010,2010,4,2,40,5,0.00165,0.00823,96706,796,481540,4016379,41.53,41.56
ARG,0,0,0,0,1,4000.07,2010,2010,4,2,45,5,0.0024,0.01193,95910,1144,476690,3534839,36.86,36.89
ARG,0,0,0,0,1,4000.07,2010,2010,4,2,50,5,0.0036,0.01783,94766,1690,469605,3058149,32.27,32.3
ARG,0,0,0,0,1,4000.07,2010,2010,4,2,55,5,0.00556,0.0274,93076,2550,459005,2588544,27.81,27.84
ARG,0,0,0,0,1,4000.07,2010,2010,4,2,60,5,0.00881,0.0431,90526,3902,442875,2129539,23.52,23.56
ARG,0,0,0,0,1,4000.07,2010,2010,4,2,65,5,0.01423,0.06871,86624,5952,418240,1686664,19.47,19.51
ARG,0,0,0,0,1,4000.07,2010,2010,4,2,70,5,0.02328,0.11,80672,8874,381175,1268424,15.72,15.76
ARG,0,0,0,0,1,4000.07,2010,2010,4,2,75,5,0.0383,0.17478,71798,12549,327618,887249,12.36,12.4
ARG,0,0,0,0,1,4000.07,2010,2010,4,2,80,5,0.06287,0.27165,59249,16095,256008,559631,9.45,9.5
ARG,0,0,0,0,1,4000.07,2010,2010,4,2,85,5,0.10181,0.40578,43154,17511,171992,303624,7.04,7.11
ARG,0,0,0,0,1,4000.07,2010,2010,4,2,90,5,0.15957,0.57033,25643,14625,91652,131631,5.13,5.25
ARG,0,0,0,0,1,4000.07,2010,2010,4,2,95,5,0.23601,0.74215,11018,8177,34648,39979,3.63,3.89
ARG,0,0,0,0,1,4000.07,2010,2010,4,2,100,99,0.53288,1,2841,2841,5331,5331,1.88,2.9
