Country,Region,Residence,Ethnicity,SocDem,Version,Ref-ID,Year1,Year2,TypeLT,Sex,Age,AgeInt,m(x),q(x),l(x),d(x),L(x),T(x),e(x),e(x)Orig
BLR,0,0,0,0,1,1701.01,1938,1939,4,1,0,1,0.13241,0.12192,100000,12192,92075,5067075,50.67,50.51
BLR,0,0,0,0,1,1701.01,1938,1939,4,1,1,1,0.06631,0.06419,87808,5636,84990,4975000,56.66,56.46
BLR,0,0,0,0,1,1701.01,1938,1939,4,1,2,1,0.02035,0.02014,82172,1655,81344,4890010,59.51,59.32
BLR,0,0,0,0,1,1701.01,1938,1939,4,1,3,1,0.01325,0.01316,80517,1060,79987,4808665,59.72,59.53
BLR,0,0,0,0,1,1701.01,1938,1939,4,1,4,1,0.00646,0.00644,79457,512,79201,4728678,59.51,59.32
BLR,0,0,0,0,1,1701.01,1938,1939,4,1,5,5,0.00432,0.02137,78945,1687,390508,4649477,58.9,58.71
BLR,0,0,0,0,1,1701.01,1938,1939,4,1,10,5,0.00225,0.0112,77258,865,384128,4258970,55.13,54.93
BLR,0,0,0,0,1,1701.01,1938,1939,4,1,15,5,0.00291,0.01446,76393,1105,379202,3874842,50.72,50.53
BLR,0,0,0,0,1,1701.01,1938,1939,4,1,20,5,0.00334,0.01658,75288,1248,373320,3495640,46.43,46.23
BLR,0,0,0,0,1,1701.01,1938,1939,4,1,25,5,0.00413,0.02046,74040,1515,366412,3122320,42.17,41.97
BLR,0,0,0,0,1,1701.01,1938,1939,4,1,30,5,0.00506,0.02498,72525,1812,358095,2755907,38,37.79
BLR,0,0,0,0,1,1701.01,1938,1939,4,1,35,5,0.00633,0.03115,70713,2203,348058,2397812,33.91,33.70
BLR,0,0,0,0,1,1701.01,1938,1939,4,1,40,5,0.00829,0.04061,68510,2782,335595,2049755,29.92,29.70
BLR,0,0,0,0,1,1701.01,1938,1939,4,1,45,5,0.0116,0.05638,65728,3706,319375,1714160,26.08,25.85
BLR,0,0,0,0,1,1701.01,1938,1939,4,1,50,5,0.01638,0.07867,62022,4879,297912,1394785,22.49,22.25
BLR,0,0,0,0,1,1701.01,1938,1939,4,1,55,5,0.02289,0.10827,57143,6187,270248,1096872,19.2,18.93
BLR,0,0,0,0,1,1701.01,1938,1939,4,1,60,5,0.03086,0.14324,50956,7299,236532,826625,16.22,15.93
BLR,0,0,0,0,1,1701.01,1938,1939,4,1,65,5,0.04177,0.18911,43657,8256,197645,590092,13.52,13.17
BLR,0,0,0,0,1,1701.01,1938,1939,4,1,70,5,0.06048,0.26268,35401,9299,153758,392447,11.09,10.66
BLR,0,0,0,0,1,1701.01,1938,1939,4,1,75,5,0.08286,0.34319,26102,8958,108115,238690,9.14,8.57
BLR,0,0,0,0,1,1701.01,1938,1939,4,1,80,5,0.10728,0.42295,17144,7251,67592,130575,7.62,6.87
BLR,0,0,0,0,1,1701.01,1938,1939,4,1,85,5,0.13584,0.50703,9893,5016,36925,62982,6.37,5.35
BLR,0,0,0,0,1,1701.01,1938,1939,4,1,90,5,0.15666,0.56285,4877,2745,17522,26057,5.34,3.89
BLR,0,0,0,0,1,1701.01,1938,1939,4,1,95,5,0.17739,0.61445,2132,1310,7385,8535,4,.
BLR,0,0,0,0,1,1701.01,1938,1939,4,1,100,99,0.71497,1,822,822,1150,1150,1.4,0.00
BLR,0,0,0,0,1,1701.01,1938,1939,4,2,0,1,0.10804,0.10095,100000,10095,93438,5732695,57.33,56.99
BLR,0,0,0,0,1,1701.01,1938,1939,4,2,1,1,0.05209,0.05076,89905,4564,87623,5639257,62.72,62.34
BLR,0,0,0,0,1,1701.01,1938,1939,4,2,2,1,0.02065,0.02044,85341,1744,84469,5551634,65.05,64.66
BLR,0,0,0,0,1,1701.01,1938,1939,4,2,3,1,0.0101,0.01005,83597,840,83177,5467165,65.4,65.00
BLR,0,0,0,0,1,1701.01,1938,1939,4,2,4,1,0.00644,0.00642,82757,531,82492,5383988,65.06,64.65
BLR,0,0,0,0,1,1701.01,1938,1939,4,2,5,5,0.00376,0.01863,82226,1532,407300,5301496,64.47,64.07
BLR,0,0,0,0,1,1701.01,1938,1939,4,2,10,5,0.00197,0.00981,80694,792,401490,4894196,60.65,60.24
BLR,0,0,0,0,1,1701.01,1938,1939,4,2,15,5,0.0027,0.0134,79902,1071,396832,4492706,56.23,55.81
BLR,0,0,0,0,1,1701.01,1938,1939,4,2,20,5,0.00309,0.01532,78831,1208,391135,4095874,51.96,51.54
BLR,0,0,0,0,1,1701.01,1938,1939,4,2,25,5,0.00351,0.01738,77623,1349,384742,3704739,47.73,47.30
BLR,0,0,0,0,1,1701.01,1938,1939,4,2,30,5,0.00416,0.02058,76274,1570,377445,3319996,43.53,43.09
BLR,0,0,0,0,1,1701.01,1938,1939,4,2,35,5,0.00501,0.02472,74704,1847,368902,2942551,39.39,38.94
BLR,0,0,0,0,1,1701.01,1938,1939,4,2,40,5,0.00566,0.0279,72857,2033,359202,2573649,35.32,34.87
BLR,0,0,0,0,1,1701.01,1938,1939,4,2,45,5,0.00687,0.03377,70824,2392,348140,2214446,31.27,30.80
BLR,0,0,0,0,1,1701.01,1938,1939,4,2,50,5,0.00894,0.04374,68432,2993,334678,1866306,27.27,26.79
BLR,0,0,0,0,1,1701.01,1938,1939,4,2,55,5,0.01154,0.05608,65439,3670,318020,1531629,23.41,22.90
BLR,0,0,0,0,1,1701.01,1938,1939,4,2,60,5,0.01687,0.08095,61769,5000,296345,1213609,19.65,19.11
BLR,0,0,0,0,1,1701.01,1938,1939,4,2,65,5,0.02748,0.12856,56769,7298,265600,917264,16.16,15.57
BLR,0,0,0,0,1,1701.01,1938,1939,4,2,70,5,0.04407,0.19848,49471,9819,222808,651664,13.17,12.50
BLR,0,0,0,0,1,1701.01,1938,1939,4,2,75,5,0.06412,0.2763,39652,10956,170870,428856,10.82,9.98
BLR,0,0,0,0,1,1701.01,1938,1939,4,2,80,5,0.08535,0.35172,28696,10093,118248,257986,8.99,7.95
BLR,0,0,0,0,1,1701.01,1938,1939,4,2,85,5,0.10586,0.41853,18603,7786,73550,139739,7.51,6.16
BLR,0,0,0,0,1,1701.01,1938,1939,4,2,90,5,0.12421,0.47388,10817,5126,41270,66189,6.12,4.33
BLR,0,0,0,0,1,1701.01,1938,1939,4,2,95,5,0.148,0.54015,5691,3074,20770,24919,4.38,.
BLR,0,0,0,0,1,1701.01,1938,1939,4,2,100,99,0.63078,1,2617,2617,4149,4149,1.59,0.00
BLR,0,S010,0,0,1,1701.02,1938,1939,4,1,0,1,0.11907,0.11052,100000,11052,92816,5551243,55.51,55.35
BLR,0,S010,0,0,1,1701.02,1938,1939,4,1,1,1,0.06047,0.0587,88948,5221,86338,5458427,61.37,61.18
BLR,0,S010,0,0,1,1701.02,1938,1939,4,1,2,1,0.01994,0.01974,83727,1653,82900,5372090,64.16,63.97
BLR,0,S010,0,0,1,1701.02,1938,1939,4,1,3,1,0.00832,0.00829,82074,680,81734,5289189,64.44,64.26
BLR,0,S010,0,0,1,1701.02,1938,1939,4,1,4,1,0.00521,0.0052,81394,423,81182,5207455,63.98,63.79
BLR,0,S010,0,0,1,1701.02,1938,1939,4,1,5,5,0.00287,0.01424,80971,1153,401972,5126273,63.31,63.12
BLR,0,S010,0,0,1,1701.02,1938,1939,4,1,10,5,0.0016,0.00796,79818,635,397502,4724300,59.19,59.00
BLR,0,S010,0,0,1,1701.02,1938,1939,4,1,15,5,0.0017,0.00847,79183,671,394238,4326798,54.64,54.45
BLR,0,S010,0,0,1,1701.02,1938,1939,4,1,20,5,0.00217,0.01081,78512,849,390438,3932560,50.09,49.89
BLR,0,S010,0,0,1,1701.02,1938,1939,4,1,25,5,0.00266,0.0132,77663,1025,385752,3542123,45.61,45.41
BLR,0,S010,0,0,1,1701.02,1938,1939,4,1,30,5,0.00336,0.01665,76638,1276,380000,3156370,41.19,40.98
BLR,0,S010,0,0,1,1701.02,1938,1939,4,1,35,5,0.00438,0.02166,75362,1632,372730,2776370,36.84,36.64
BLR,0,S010,0,0,1,1701.02,1938,1939,4,1,40,5,0.00553,0.02726,73730,2010,363625,2403640,32.6,32.39
BLR,0,S010,0,0,1,1701.02,1938,1939,4,1,45,5,0.00713,0.03504,71720,2513,352318,2040015,28.44,28.23
BLR,0,S010,0,0,1,1701.02,1938,1939,4,1,50,5,0.01005,0.049,69207,3391,337558,1687698,24.39,24.16
BLR,0,S010,0,0,1,1701.02,1938,1939,4,1,55,5,0.01464,0.07064,65816,4649,317458,1350140,20.51,20.28
BLR,0,S010,0,0,1,1701.02,1938,1939,4,1,60,5,0.02171,0.10296,61167,6298,290090,1032683,16.88,16.63
BLR,0,S010,0,0,1,1701.02,1938,1939,4,1,65,5,0.03436,0.15821,54869,8681,252642,742593,13.53,13.25
BLR,0,S010,0,0,1,1701.02,1938,1939,4,1,70,5,0.05659,0.2479,46188,11450,202315,489950,10.61,10.28
BLR,0,S010,0,0,1,1701.02,1938,1939,4,1,75,5,0.0885,0.36234,34738,12587,142222,287635,8.28,7.84
BLR,0,S010,0,0,1,1701.02,1938,1939,4,1,80,5,0.13188,0.49591,22151,10985,83292,145413,6.56,6.00
BLR,0,S010,0,0,1,1701.02,1938,1939,4,1,85,5,0.16644,0.58768,11166,6562,39425,62120,5.56,4.74
BLR,0,S010,0,0,1,1701.02,1938,1939,4,1,90,5,0.17958,0.61968,4604,2853,15888,22695,4.93,3.62
BLR,0,S010,0,0,1,1701.02,1938,1939,4,1,95,5,0.19205,0.64877,1751,1136,5915,6808,3.89,.
BLR,0,S010,0,0,1,1701.02,1938,1939,4,1,100,99,0.68906,1,615,615,893,893,1.45,0.00
BLR,0,S010,0,0,1,1701.02,1938,1939,4,2,0,1,0.11617,0.10801,100000,10801,92979,5441228,54.41,54.13
BLR,0,S010,0,0,1,1701.02,1938,1939,4,2,1,1,0.05917,0.05747,89199,5126,86636,5348248,59.96,59.63
BLR,0,S010,0,0,1,1701.02,1938,1939,4,2,2,1,0.02223,0.02198,84073,1848,83149,5261612,62.58,62.25
BLR,0,S010,0,0,1,1701.02,1938,1939,4,2,3,1,0.01093,0.01087,82225,894,81778,5178463,62.98,62.64
BLR,0,S010,0,0,1,1701.02,1938,1939,4,2,4,1,0.00671,0.00669,81331,544,81059,5096685,62.67,62.33
BLR,0,S010,0,0,1,1701.02,1938,1939,4,2,5,5,0.00424,0.02096,80787,1693,399702,5015626,62.08,61.74
BLR,0,S010,0,0,1,1701.02,1938,1939,4,2,10,5,0.00215,0.01067,79094,844,393360,4615924,58.36,58.01
BLR,0,S010,0,0,1,1701.02,1938,1939,4,2,15,5,0.00321,0.0159,78250,1244,388140,4222564,53.96,53.61
BLR,0,S010,0,0,1,1701.02,1938,1939,4,2,20,5,0.00335,0.0166,77006,1278,381835,3834424,49.79,49.44
BLR,0,S010,0,0,1,1701.02,1938,1939,4,2,25,5,0.00406,0.02009,75728,1521,374838,3452589,45.59,45.23
BLR,0,S010,0,0,1,1701.02,1938,1939,4,2,30,5,0.00479,0.02365,74207,1755,366648,3077751,41.48,41.10
BLR,0,S010,0,0,1,1701.02,1938,1939,4,2,35,5,0.00573,0.02823,72452,2045,357148,2711104,37.42,37.04
BLR,0,S010,0,0,1,1701.02,1938,1939,4,2,40,5,0.00681,0.03349,70407,2358,346140,2353956,33.43,33.04
BLR,0,S010,0,0,1,1701.02,1938,1939,4,2,45,5,0.00886,0.04335,68049,2950,332870,2007816,29.51,29.10
BLR,0,S010,0,0,1,1701.02,1938,1939,4,2,50,5,0.01188,0.05768,65099,3755,316108,1674946,25.73,25.31
BLR,0,S010,0,0,1,1701.02,1938,1939,4,2,55,5,0.0154,0.07412,61344,4547,295352,1358839,22.15,21.70
BLR,0,S010,0,0,1,1701.02,1938,1939,4,2,60,5,0.02126,0.10094,56797,5733,269652,1063486,18.72,18.24
BLR,0,S010,0,0,1,1701.02,1938,1939,4,2,65,5,0.03158,0.14633,51064,7472,236640,793834,15.55,15.01
BLR,0,S010,0,0,1,1701.02,1938,1939,4,2,70,5,0.04799,0.21426,43592,9340,194610,557194,12.78,12.15
BLR,0,S010,0,0,1,1701.02,1938,1939,4,2,75,5,0.06721,0.28769,34252,9854,146625,362584,10.59,9.79
BLR,0,S010,0,0,1,1701.02,1938,1939,4,2,80,5,0.08666,0.35614,24398,8689,100268,215959,8.85,7.85
BLR,0,S010,0,0,1,1701.02,1938,1939,4,2,85,5,0.10855,0.42689,15709,6706,61780,115691,7.36,6.06
BLR,0,S010,0,0,1,1701.02,1938,1939,4,2,90,5,0.12862,0.48662,9003,4381,34062,53911,5.99,4.27
BLR,0,S010,0,0,1,1701.02,1938,1939,4,2,95,5,0.15279,0.55279,4622,2555,16722,19849,4.29,.
BLR,0,S010,0,0,1,1701.02,1938,1939,4,2,100,99,0.66115,1,2067,2067,3126,3126,1.51,0.00
BLR,0,S020,0,0,1,1701.03,1938,1939,4,1,0,1,0.12735,0.11761,100000,11761,92355,5093762,50.94,50.75
BLR,0,S020,0,0,1,1701.03,1938,1939,4,1,1,1,0.06869,0.06641,88239,5860,85309,5001406,56.68,56.46
BLR,0,S020,0,0,1,1701.03,1938,1939,4,1,2,1,0.02357,0.02329,82379,1919,81420,4916097,59.68,59.46
BLR,0,S020,0,0,1,1701.03,1938,1939,4,1,3,1,0.0113,0.01124,80460,904,80008,4834678,60.09,59.87
BLR,0,S020,0,0,1,1701.03,1938,1939,4,1,4,1,0.00671,0.00669,79556,532,79290,4754670,59.77,59.55
BLR,0,S020,0,0,1,1701.03,1938,1939,4,1,5,5,0.00453,0.02239,79024,1769,390698,4675380,59.16,58.95
BLR,0,S020,0,0,1,1701.03,1938,1939,4,1,10,5,0.00223,0.01111,77255,858,384130,4284682,55.46,55.24
BLR,0,S020,0,0,1,1701.03,1938,1939,4,1,15,5,0.00325,0.01614,76397,1233,378902,3900552,51.06,50.84
BLR,0,S020,0,0,1,1701.03,1938,1939,4,1,20,5,0.00317,0.01573,75164,1182,372865,3521650,46.85,46.63
BLR,0,S020,0,0,1,1701.03,1938,1939,4,1,25,5,0.00426,0.02107,73982,1559,366012,3148785,42.56,42.33
BLR,0,S020,0,0,1,1701.03,1938,1939,4,1,30,5,0.00514,0.02536,72423,1837,357522,2782772,38.42,38.19
BLR,0,S020,0,0,1,1701.03,1938,1939,4,1,35,5,0.00628,0.03091,70586,2182,347475,2425250,34.36,34.12
BLR,0,S020,0,0,1,1701.03,1938,1939,4,1,40,5,0.00812,0.03981,68404,2723,335212,2077775,30.38,30.13
BLR,0,S020,0,0,1,1701.03,1938,1939,4,1,45,5,0.01136,0.05524,65681,3628,319335,1742562,26.53,26.27
BLR,0,S020,0,0,1,1701.03,1938,1939,4,1,50,5,0.01614,0.07758,62053,4814,298230,1423227,22.94,22.66
BLR,0,S020,0,0,1,1701.03,1938,1939,4,1,55,5,0.02237,0.10594,57239,6064,271035,1124997,19.65,19.36
BLR,0,S020,0,0,1,1701.03,1938,1939,4,1,60,5,0.02951,0.13739,51175,7031,238298,853962,16.69,16.36
BLR,0,S020,0,0,1,1701.03,1938,1939,4,1,65,5,0.03966,0.18043,44144,7965,200808,615665,13.95,13.57
BLR,0,S020,0,0,1,1701.03,1938,1939,4,1,70,5,0.05788,0.2528,36179,9146,158030,414857,11.47,11.00
BLR,0,S020,0,0,1,1701.03,1938,1939,4,1,75,5,0.07888,0.32945,27033,8906,112900,256827,9.5,8.88
BLR,0,S020,0,0,1,1701.03,1938,1939,4,1,80,5,0.10085,0.40271,18127,7300,72385,143927,7.94,7.14
BLR,0,S020,0,0,1,1701.03,1938,1939,4,1,85,5,0.12805,0.48499,10827,5251,41008,71542,6.61,5.53
BLR,0,S020,0,0,1,1701.03,1938,1939,4,1,90,5,0.1501,0.54573,5576,3043,20272,30535,5.48,3.97
BLR,0,S020,0,0,1,1701.03,1938,1939,4,1,95,5,0.17227,0.60205,2533,1525,8852,10262,4.05,.
BLR,0,S020,0,0,1,1701.03,1938,1939,4,1,100,99,0.71497,1,1008,1008,1410,1410,1.4,0.00
BLR,0,S020,0,0,1,1701.03,1938,1939,4,2,0,1,0.10454,0.09783,100000,9783,93577,5780444,57.8,57.41
BLR,0,S020,0,0,1,1701.03,1938,1939,4,2,1,1,0.04925,0.04806,90217,4336,88049,5686866,63.04,62.59
BLR,0,S020,0,0,1,1701.03,1938,1939,4,2,2,1,0.02082,0.02061,85881,1770,84996,5598817,65.19,64.73
BLR,0,S020,0,0,1,1701.03,1938,1939,4,2,3,1,0.01053,0.01047,84111,881,83670,5513821,65.55,65.09
BLR,0,S020,0,0,1,1701.03,1938,1939,4,2,4,1,0.00673,0.0067,83230,558,82951,5430151,65.24,64.78
BLR,0,S020,0,0,1,1701.03,1938,1939,4,2,5,5,0.00395,0.01954,82672,1615,409322,5347200,64.68,64.21
BLR,0,S020,0,0,1,1701.03,1938,1939,4,2,10,5,0.00206,0.01024,81057,830,403210,4937877,60.92,60.44
BLR,0,S020,0,0,1,1701.03,1938,1939,4,2,15,5,0.00316,0.01566,80227,1256,397995,4534667,56.52,56.04
BLR,0,S020,0,0,1,1701.03,1938,1939,4,2,20,5,0.00358,0.01774,78971,1401,391352,4136672,52.38,51.89
BLR,0,S020,0,0,1,1701.03,1938,1939,4,2,25,5,0.00388,0.01923,77570,1492,384120,3745320,48.28,47.78
BLR,0,S020,0,0,1,1701.03,1938,1939,4,2,30,5,0.00448,0.02217,76078,1687,376172,3361200,44.18,43.67
BLR,0,S020,0,0,1,1701.03,1938,1939,4,2,35,5,0.00524,0.02586,74391,1924,367145,2985027,40.13,39.60
BLR,0,S020,0,0,1,1701.03,1938,1939,4,2,40,5,0.0057,0.02811,72467,2037,357242,2617882,36.13,35.59
BLR,0,S020,0,0,1,1701.03,1938,1939,4,2,45,5,0.00679,0.03339,70430,2352,346270,2260640,32.1,31.55
BLR,0,S020,0,0,1,1701.03,1938,1939,4,2,50,5,0.00863,0.04223,68078,2875,333202,1914370,28.12,27.55
BLR,0,S020,0,0,1,1701.03,1938,1939,4,2,55,5,0.01072,0.05221,65203,3404,317505,1581167,24.25,23.65
BLR,0,S020,0,0,1,1701.03,1938,1939,4,2,60,5,0.01562,0.07516,61799,4645,297382,1263662,20.45,19.82
BLR,0,S020,0,0,1,1701.03,1938,1939,4,2,65,5,0.02561,0.12032,57154,6877,268578,966280,16.91,16.23
BLR,0,S020,0,0,1,1701.03,1938,1939,4,2,70,5,0.04076,0.18494,50277,9298,228140,697702,13.88,13.11
BLR,0,S020,0,0,1,1701.03,1938,1939,4,2,75,5,0.05852,0.25525,40979,10460,178745,469562,11.46,10.51
BLR,0,S020,0,0,1,1701.03,1938,1939,4,2,80,5,0.07686,0.32236,30519,9838,128000,290817,9.53,8.38
BLR,0,S020,0,0,1,1701.03,1938,1939,4,2,85,5,0.09677,0.38958,20681,8057,83262,162817,7.87,6.42
BLR,0,S020,0,0,1,1701.03,1938,1939,4,2,90,5,0.11677,0.45192,12624,5705,48858,79555,6.3,4.45
BLR,0,S020,0,0,1,1701.03,1938,1939,4,2,95,5,0.14272,0.52594,6919,3639,25498,30697,4.44,.
BLR,0,S020,0,0,1,1701.03,1938,1939,4,2,100,99,0.63078,1,3280,3280,5200,5200,1.59,0.00
